Full Weight = 2.86298
Normfac = 2.46574e+06
Weight = 0.000824221
Charge Factor = 147.648
e_trkEff = 0.9856
h_trkEff = 0.9864
CLT = 0.9814
nentries = 100000
