original_P = 8.546443
corrected_P = 8.542311684225
corr_factor = 0.9995166040684996
Coeff D0 = -0.0004833959315003744
